tensor
3
4 3 2
1.0000000000000000e+000
2.0000000000000000e+000
3.0000000000000000e+000
4.0000000000000000e+000
5.0000000000000000e+000
6.0000000000000000e+000
7.0000000000000000e+000
8.0000000000000000e+000
9.0000000000000000e+000
1.0000000000000000e+001
1.1000000000000000e+001
1.2000000000000000e+001
1.3000000000000000e+001
1.4000000000000000e+001
1.5000000000000000e+001
1.6000000000000000e+001
1.7000000000000000e+001
1.8000000000000000e+001
1.9000000000000000e+001
2.0000000000000000e+001
2.1000000000000000e+001
2.2000000000000000e+001
2.3000000000000000e+001
2.4000000000000000e+001
